00000000 00000000 00000000 00000000
00100000 01000010 00000000 00000000
00100000 01100011 00000000 00001010
00000100 01100010 00000000 00000010
00100000 10100101 00000000 00001010
00000000 00000000 00000000 00000000
00101000 01000001 00000000 00000101
00110000 01100100 00000000 00001111
00000000 00000000 00000000 00000000
10010000 11000101 00001000 00000000
01101100 01100011 00000000 00000000
00000000 01100011 00011000 00000000
00001100 00000000 00000000 00000010
00000000 00000000 00000000 00000000
00000000 00000000 00000000 00000000
00000000 01100011 00011000 00000100
